-4.378278732299804688e+01
-1.318983459472656250e+01
-8.663749694824218750e-01
-8.698184967041015625e+00
-2.055356788635253906e+01
-7.410353183746337891e+00
-1.101874828338623047e+01
1.400039672851562500e+01
-2.131638145446777344e+01
2.513628387451171875e+01
-3.599376296997070312e+01
-1.722756576538085938e+01
-8.758392333984375000e+00
-2.247207260131835938e+01
-1.160396814346313477e+00
-2.797053909301757812e+01
-2.753129005432128906e+01
-2.973288536071777344e+00
1.288699626922607422e+01
-2.631967163085937500e+01
-2.006799507141113281e+01
-1.986662292480468750e+01
-8.980890274047851562e+00
2.675116157531738281e+01
-1.386188507080078125e+01
-2.156066322326660156e+01
-2.874654769897460938e+01
-2.650896644592285156e+01
-1.805144691467285156e+01
-1.184077262878417969e+01
-2.864509201049804688e+01
-2.004328155517578125e+01
-3.443627929687500000e+01
-2.200811386108398438e+00
-1.787261772155761719e+01
-1.812150573730468750e+01
-4.371047973632812500e+00
-1.711221313476562500e+01
-1.633203125000000000e+01
2.002442359924316406e+00
-7.927202701568603516e+00
-3.608824539184570312e+01
6.795543670654296875e+00
-6.609161376953125000e+00
-3.666223287582397461e+00
-2.441093921661376953e+00
1.508785247802734375e+00
-2.223894119262695312e+01
-1.296968173980712891e+01
-1.290086746215820312e+01
1.667483901977539062e+01
-2.965054512023925781e+00
-1.652894020080566406e+01
-1.300278568267822266e+01
-1.451064491271972656e+01
-2.636297035217285156e+01
-1.175518417358398438e+01
-2.204055976867675781e+01
-1.315102481842041016e+01
-2.481761550903320312e+01
8.101407051086425781e+00
-1.639369010925292969e+00
-2.735461235046386719e+01
-5.107329845428466797e+00
-2.476328277587890625e+01
2.310356140136718750e+01
-1.762126159667968750e+01
-2.623770332336425781e+01
-3.848398208618164062e+01
-4.886869430541992188e+00
-3.159163475036621094e+01
-9.403244972229003906e+00
-1.781732368469238281e+01
-3.591719055175781250e+01
-1.609396934509277344e+01
-3.231206130981445312e+01
-2.815243959426879883e+00
-1.529953956604003906e+01
7.563321590423583984e-01
-4.799985885620117188e+00
-7.907330036163330078e+00
-2.854989814758300781e+01
-3.497388839721679688e+01
-3.442185592651367188e+01
1.162588310241699219e+01
-1.964277839660644531e+01
-1.792084503173828125e+01
5.234196186065673828e+00
-1.807931518554687500e+01
-2.024572563171386719e+01
7.369008064270019531e+00
-1.028227806091308594e+01
-3.401759719848632812e+01
7.455948352813720703e+00
-4.167936801910400391e+00
-2.800771522521972656e+01
7.209941387176513672e+00
-2.000365257263183594e+01
-2.822055435180664062e+01
-1.675499153137207031e+01
1.843486976623535156e+01
1.219575881958007812e+01
-2.832039642333984375e+01
-2.107950782775878906e+01
-2.048523330688476562e+01
-1.209870719909667969e+01
7.095328330993652344e+00
-2.188501834869384766e+00
-3.654973030090332031e+00
1.204659271240234375e+01
-5.534195899963378906e-01
4.733294010162353516e+00
1.947791290283203125e+01
1.039347648620605469e+00
-2.682151794433593750e+01
6.320160865783691406e+00
1.797888755798339844e+01
1.930212020874023438e+00
-2.245890617370605469e+00
-1.663515472412109375e+01
-2.673852348327636719e+01
-1.384349441528320312e+01
-1.173473930358886719e+01
-6.082059860229492188e+00
-9.359338283538818359e-01
4.726396560668945312e+00
-1.581056356430053711e+00
-1.818999290466308594e+01
1.574086761474609375e+01
-2.163302612304687500e+01
-2.424542617797851562e+01
-9.754215240478515625e+00
-1.772586631774902344e+01
-3.527250289916992188e+01
-3.592014312744140625e-01
-5.244518756866455078e+00
2.830994033813476562e+01
7.333645820617675781e+00
-2.654282188415527344e+01
-4.177087783813476562e+00
-1.808795928955078125e+01
-1.366309452056884766e+01
-1.443183517456054688e+01
3.072778511047363281e+01
1.609985733032226562e+01
1.234331321716308594e+01
7.650032043457031250e+00
1.366940689086914062e+01
1.459493160247802734e+01
1.111178779602050781e+01
1.012017250061035156e+01
-1.613194465637207031e+01
-3.086632537841796875e+01
-1.475482463836669922e+01
-2.600209808349609375e+01
-2.964359283447265625e+00
-3.390673828125000000e+01
-3.602712631225585938e+01
-1.599317264556884766e+01
-1.560389137268066406e+01
-2.556111335754394531e+01
2.991285800933837891e+00
1.365885615348815918e+00
2.845466136932373047e-01
-9.292608261108398438e+00
5.490087509155273438e+00
-1.588905334472656250e+01
1.245694398880004883e+00
-1.785232925415039062e+01
2.483292388916015625e+01
1.619296455383300781e+01
9.362239837646484375e+00
4.780221462249755859e+00
-1.195980548858642578e+01
-1.185268306732177734e+01
7.517526626586914062e+00
-8.236997604370117188e+00
2.360359573364257812e+01
5.349048614501953125e+00
3.830609321594238281e+00
1.158194541931152344e+01
1.920433425903320312e+01
8.583168983459472656e+00
3.100331068038940430e+00
-6.081867694854736328e+00
7.061219692230224609e+00
-1.425739002227783203e+01
-4.902215957641601562e+00
1.335823822021484375e+01
2.928340148925781250e+01
-8.217045783996582031e+00
1.464050102233886719e+01
-7.187826633453369141e+00
-2.550520658493041992e+00
-3.781064033508300781e+00
1.927846527099609375e+01
1.433328628540039062e+01
-1.057672500610351562e-02
1.617545509338378906e+01
4.436550140380859375e-01
-6.813008785247802734e+00
1.304145622253417969e+01
-7.439775466918945312e+00
-1.379426860809326172e+01
-3.736758232116699219e-02
-9.034332275390625000e+00
-3.828645229339599609e+00
-1.237669754028320312e+01
-1.912740349769592285e+00
6.439421772956848145e-01
-9.742906570434570312e+00
-1.887194442749023438e+01
-2.393823814392089844e+01
-7.212411403656005859e+00
-1.146935844421386719e+01
-1.428302955627441406e+01
-6.382878303527832031e+00
-2.561468124389648438e+00
-1.984580421447753906e+01
-1.566559600830078125e+01
-1.280364513397216797e+01
-2.431584358215332031e+00
-8.292904853820800781e+00
-1.051370048522949219e+01
-1.544138908386230469e+00
-2.491761207580566406e+01
-5.635245800018310547e+00
1.705934143066406250e+01
-2.193504524230957031e+01
1.182147216796875000e+01
-2.392873764038085938e-01
2.695990753173828125e+01
1.423039150238037109e+01
1.364614963531494141e+00
2.068622589111328125e+01
2.132673454284667969e+01
1.102737426757812500e+01
-1.753693008422851562e+01
4.359892845153808594e+00
-7.320197105407714844e+00
-8.086133956909179688e+00
1.028743743896484375e+01
-1.248072147369384766e+01
-1.453606843948364258e+00
3.884336948394775391e+00
-7.345735549926757812e+00
1.884104967117309570e+00
-1.634205818176269531e+01
1.650950622558593750e+01
1.090424156188964844e+01
1.914329147338867188e+01
5.212717533111572266e+00
-8.842329025268554688e+00
-1.219915580749511719e+01
5.501699447631835938e+00
-3.331697463989257812e+00
-2.929659128189086914e+00
-9.709371566772460938e+00
-1.417549800872802734e+01
-3.207702255249023438e+01
1.023641824722290039e+00
-5.198662281036376953e+00
-1.350500297546386719e+01
-3.797021389007568359e+00
3.302118301391601562e+01
-6.161062240600585938e+00
1.131698369979858398e+00
-7.564269542694091797e+00
3.007647514343261719e+00
1.689909744262695312e+01
-4.092546463012695312e+00
-1.903391647338867188e+01
-3.397211790084838867e+00
-1.408186912536621094e+01
-4.083468627929687500e+01
-1.205100917816162109e+01
-2.508100891113281250e+01
-3.304460144042968750e+01
-2.953199577331542969e+01
2.693050861358642578e+00
-2.373809051513671875e+01
3.737582683563232422e+00
-5.257499217987060547e+00
-9.167314529418945312e+00
-1.778435707092285156e+01
6.031922340393066406e+00
-3.863587570190429688e+01
-5.186371231079101562e+01
-3.305995559692382812e+01
-2.835611152648925781e+01
-3.912243270874023438e+01
-3.760317993164062500e+01
-3.642177581787109375e+01
-1.121851730346679688e+01
-2.443574523925781250e+01
-2.704757881164550781e+01
-1.347350978851318359e+01
-2.496690368652343750e+01
-2.254864883422851562e+01
-1.890701103210449219e+01
-4.552577018737792969e+00
-1.480835533142089844e+01
-2.275372266769409180e+00
-6.319812774658203125e+00
-1.697964477539062500e+01
-1.802443313598632812e+01
-1.145424270629882812e+01
3.516861915588378906e+00
-1.426193809509277344e+01
-7.231447696685791016e+00
2.172906160354614258e+00
-1.582412815093994141e+01
-3.101830291748046875e+01
-1.102831268310546875e+01
-9.184014320373535156e+00
-1.210178661346435547e+01
-4.130146408081054688e+01
-1.457132625579833984e+01
-1.779401969909667969e+01
3.340958595275878906e+00
-6.203592300415039062e+00
-1.014073181152343750e+01
-2.708529853820800781e+01
-2.100662231445312500e+01
-1.111896896362304688e+01
-1.052605915069580078e+01
-4.830600738525390625e+00
1.866503715515136719e+01
7.531642913818359375e+00
7.432641983032226562e+00
-1.634597778320312500e+01
-1.384154701232910156e+01
-1.749648857116699219e+01
2.448239326477050781e+01
-3.022640419006347656e+01
-3.194352149963378906e+01
-1.388025665283203125e+01
-3.400825023651123047e+00
8.069320678710937500e+00
-2.496438598632812500e+01
-1.070277786254882812e+01
-5.361957550048828125e-01
-1.198177433013916016e+01
-2.628778839111328125e+01
1.292846107482910156e+01
-7.277175903320312500e+00
2.406328678131103516e+00
-2.386097145080566406e+01
1.276983356475830078e+01
-1.145167350769042969e+01
-1.128874015808105469e+01
-4.693502807617187500e+01
-3.358422088623046875e+01
-2.572813034057617188e+01
-3.903842926025390625e+00
-2.173058319091796875e+01
-1.320667266845703125e+00
7.259701728820800781e+00
-9.075723648071289062e+00
1.177967739105224609e+01
1.006813526153564453e+01
-1.384671974182128906e+01
-1.239101767539978027e+00
-6.039824008941650391e+00
-1.740863418579101562e+01
-2.765781021118164062e+01
-1.276101589202880859e+01
1.382313537597656250e+01
-3.747864913940429688e+01
-2.346615028381347656e+01
-2.135744476318359375e+01
-2.720236206054687500e+01
-1.433043479919433594e+01
-4.516110420227050781e+00
-2.310546493530273438e+01
-2.919667816162109375e+01
-3.182005691528320312e+01
-2.256556320190429688e+01
2.671598434448242188e+00
-2.236524772644042969e+01
-1.012687015533447266e+01
-3.173878669738769531e+01
-2.542181587219238281e+01
-1.400771713256835938e+01
-3.065177154541015625e+01
1.806776809692382812e+01
1.268118953704833984e+01
-5.333688354492187500e+01
-2.607058525085449219e+01
-3.322466659545898438e+01
9.037266373634338379e-01
-2.672997283935546875e+01
5.681250095367431641e+00
1.418000507354736328e+01
-2.112881088256835938e+01
-2.561095809936523438e+01
-7.841873168945312500e+00
-7.938741683959960938e+00
4.069396209716796875e+01
-2.207333087921142578e+00
5.116916656494140625e+00
2.072077989578247070e+00
-4.796958923339843750e+00
-3.646056365966796875e+01
-1.452183723449707031e-01
1.885447502136230469e+00
-7.770958900451660156e+00
-2.860286903381347656e+01
-1.851596355438232422e+00
4.877683258056640625e+01
-1.497210407257080078e+01
3.154937744140625000e+01
1.999316787719726562e+01
-2.947002410888671875e+01
-1.522936820983886719e-01
4.004139709472656250e+01
1.592315101623535156e+01
6.717276000976562500e+01
2.934000968933105469e+01
1.160515594482421875e+01
-1.215888595581054688e+01
9.353588104248046875e+00
1.721494674682617188e+00
-1.208013772964477539e+00
2.167641830444335938e+01
1.548045039176940918e+00
9.988637924194335938e+00
5.193113708496093750e+01
-7.507126808166503906e+00
1.078955268859863281e+01
-2.981714248657226562e+00
-2.952127075195312500e+01
-7.804036140441894531e-01
2.992361068725585938e+01
-6.100653648376464844e+00
-9.643737673759460449e-01
-1.131451511383056641e+01
5.350605392456054688e+01
-7.787466049194335938e+00
-7.929065704345703125e+00
1.328265762329101562e+01
3.345713138580322266e+00
7.815832138061523438e+00
2.121648788452148438e+01
1.586789703369140625e+01
-4.240956306457519531e+00
4.216738891601562500e+01
2.579358291625976562e+01
3.904455184936523438e+00
-1.401888179779052734e+01
-2.763081932067871094e+01
2.532954025268554688e+01
-5.174595832824707031e+00
4.753836822509765625e+01
6.596722412109375000e+01
1.034538841247558594e+01
-1.727638244628906250e+01
3.247601318359375000e+01
9.241958618164062500e+00
2.160463714599609375e+01
2.102636718750000000e+01
9.317238807678222656e+00
1.319171142578125000e+01
1.509687137603759766e+01
3.298530578613281250e+01
-2.575423479080200195e+00
-1.742667961120605469e+01
9.507186889648437500e+00
-4.409027099609375000e+00
1.964540100097656250e+01
2.633415985107421875e+01
1.609032630920410156e+00
-1.860843276977539062e+01
9.311196327209472656e+00
5.331047058105468750e+00
-3.473173904418945312e+01
-1.803424072265625000e+01
-2.362693023681640625e+01
3.634931564331054688e+00
1.270392990112304688e+01
2.637490844726562500e+01
2.081348037719726562e+01
1.967511296272277832e+00
1.462002372741699219e+01
2.985164642333984375e+01
-4.668829917907714844e+00
3.836145162582397461e+00
-2.382155895233154297e+00
1.871561050415039062e+01
2.447681045532226562e+01
1.583876705169677734e+01
-2.552058982849121094e+01
-4.304065704345703125e+00
-2.143726348876953125e-01
6.919395923614501953e+00
8.958215713500976562e-01
5.108040809631347656e+00
3.492489624023437500e+01
5.935616302490234375e+01
2.816792011260986328e+00
-1.529808902740478516e+01
9.703429222106933594e+00
1.962749290466308594e+01
9.120686531066894531e+00
2.371739578247070312e+01
8.919599533081054688e+00
3.108649444580078125e+01
-1.154887962341308594e+01
-1.233695411682128906e+01
6.547274780273437500e+01
5.402822494506835938e+01
-4.464377403259277344e+00
1.462704849243164062e+01
-6.565238952636718750e+00
-5.978128433227539062e+00
-7.803264617919921875e+00
-2.299429321289062500e+01
7.349267482757568359e+00
8.809793472290039062e+00
8.723549842834472656e+00
-2.731420516967773438e+00
1.498896121978759766e+00
3.229024887084960938e+01
2.138061714172363281e+01
1.108350181579589844e+01
-4.943334102630615234e+00
-1.152689933776855469e+01
1.862017059326171875e+01
-2.025281429290771484e+00
-1.468513965606689453e+01
3.045452308654785156e+01
4.113583755493164062e+01
-1.651984405517578125e+01
6.526277065277099609e+00
-1.798747777938842773e+00
-2.354426002502441406e+01
1.924293518066406250e+01
-2.956277847290039062e+00
1.405364608764648438e+01
1.745259475708007812e+01
2.783509492874145508e-01
2.064627456665039062e+01
2.373851203918457031e+01
7.827651023864746094e+00
2.211388587951660156e+01
-7.441526889801025391e+00
-6.874350070953369141e+00
-2.150102424621582031e+01
-5.002795696258544922e+00
2.575348615646362305e-01
-8.430976271629333496e-01
-1.114789390563964844e+01
5.367032527923583984e+00
1.498886013031005859e+01
7.296962261199951172e+00
-3.004119873046875000e+00
-5.921089649200439453e+00
1.264764213562011719e+01
2.411755084991455078e+00
1.411184692382812500e+01
1.705591583251953125e+01
-5.996485710144042969e+00
2.435774803161621094e+01
-4.861059665679931641e+00
-4.135131835937500000e+01
-8.482887268066406250e+00
-2.399546813964843750e+01
6.586705207824707031e+00
8.866029739379882812e+00
-7.559983253479003906e+00
7.340524196624755859e+00
3.594652557373046875e+01
1.557238674163818359e+01
-3.005121421813964844e+01
1.880147361755371094e+01
-2.809014892578125000e+01
-2.335571289062500000e+01
-1.746058940887451172e+00
1.845019149780273438e+01
1.495634746551513672e+01
-1.302787780761718750e+01
9.216450691223144531e+00
2.641863250732421875e+01
5.087461948394775391e+00
-1.910841941833496094e+01
4.549000549316406250e+01
-4.527240371704101562e+01
1.538256072998046875e+01
8.006011247634887695e-01
-6.896162509918212891e+00
1.037172555923461914e+00
1.221814060211181641e+01
-1.075853538513183594e+01
-1.088633918762207031e+01
8.420473098754882812e+00
-1.746163749694824219e+01
-1.423451423645019531e+01
-2.631256294250488281e+01
8.997729301452636719e+00
1.632878112792968750e+01
5.100913047790527344e+00
-1.038038349151611328e+01
9.070795059204101562e+00
-2.514480590820312500e+01
1.399509334564208984e+01
7.969187736511230469e+00
-9.976548194885253906e+00
-5.778368949890136719e+00
7.084699630737304688e+00
-2.409661102294921875e+01
1.734925842285156250e+01
1.038479042053222656e+01
-2.829244613647460938e+01
1.768470191955566406e+01
-1.056561374664306641e+01
4.886702728271484375e+01
2.982102966308593750e+01
2.452143669128417969e+01
1.935470390319824219e+01
2.066387176513671875e+01
9.169546127319335938e+00
-2.160167694091796875e+00
3.554210424423217773e+00
9.239009857177734375e+00
6.085243606567382812e+01
-1.684532546997070312e+01
1.366897583007812500e+01
-1.627092742919921875e+01
3.056642723083496094e+01
-2.538894414901733398e-01
-1.947617340087890625e+01
2.173549079895019531e+01
1.039337635040283203e+01
1.230961132049560547e+01
-6.839679718017578125e+00
8.228294372558593750e+00
1.698842620849609375e+01
1.331694984436035156e+01
3.900717926025390625e+01
4.398593139648437500e+01
-2.251410007476806641e+00
1.763223075866699219e+01
1.754850959777832031e+01
1.688579940795898438e+01
4.536136627197265625e+01
1.688898468017578125e+01
4.211501121520996094e+00
1.997402954101562500e+01
1.550642013549804688e+01
3.513705253601074219e+00
2.673998260498046875e+01
-1.448744773864746094e+01
-2.092613410949707031e+01
-4.554626941680908203e+00
5.514409542083740234e+00
1.867533874511718750e+01
-7.765874862670898438e+00
1.463413429260253906e+01
-5.884271621704101562e+00
1.148013210296630859e+01
-1.880951690673828125e+01
-2.200985717773437500e+01
-1.885334777832031250e+01
1.484218478202819824e+00
1.907397270202636719e+01
-2.988961458206176758e+00
6.554743766784667969e+00
6.048408508300781250e+00
1.641142845153808594e+01
-4.290924453735351562e+01
-8.898020744323730469e+00
-2.651691436767578125e-02
-2.575204086303710938e+01
5.166432380676269531e+00
1.255832433700561523e+00
-1.064210033416748047e+01
-9.742839813232421875e+00
2.474675416946411133e+00
1.223786735534667969e+01
2.956334686279296875e+01
-2.164939117431640625e+01
-4.466802120208740234e+00
6.238250732421875000e+00
5.236857891082763672e+00
1.510770797729492188e+01
-6.318810462951660156e+00
-1.344529438018798828e+01
-1.071756935119628906e+01
6.220426559448242188e-01
-2.162335014343261719e+01
-2.582644271850585938e+01
-2.168890762329101562e+01
3.368702316284179688e+01
8.164601325988769531e+00
-4.519841194152832031e+00
1.749203443527221680e+00
2.552294254302978516e+00
-3.283129692077636719e+00
-7.010900497436523438e+00
7.444363594055175781e+00
3.994712114334106445e+00
1.132978534698486328e+01
-4.614944458007812500e+00
-2.584517478942871094e+00
4.652711868286132812e+01
9.296664237976074219e+00
-5.299249649047851562e+00
1.453013610839843750e+01
2.292624473571777344e+01
1.131343650817871094e+01
1.241717720031738281e+01
3.694681549072265625e+01
-2.848840236663818359e+00
-7.004585266113281250e+00
3.073898792266845703e+00
-3.422052764892578125e+01
1.920337486267089844e+01
-1.470653152465820312e+01
1.874928474426269531e+01
2.722390937805175781e+01
2.542069435119628906e+01
2.454886245727539062e+01
3.518385314941406250e+01
1.185428047180175781e+01
-8.005205154418945312e+00
4.127169036865234375e+01
-2.128744506835937500e+01
3.846236038208007812e+01
-2.197075366973876953e+00
-1.061721134185791016e+01
-2.699994850158691406e+01
4.186149978637695312e+01
-1.130943775177001953e+00
2.871010208129882812e+01
1.339748382568359375e+00
1.974801254272460938e+01
2.996297264099121094e+01
9.005146026611328125e+00
6.132080554962158203e+00
-1.749024200439453125e+01
-7.657440662384033203e+00
1.656013488769531250e+01
-8.003635406494140625e+00
-1.198260974884033203e+01
1.583975696563720703e+01
-1.724747085571289062e+01
3.119217681884765625e+01
2.431568908691406250e+01
-1.138560867309570312e+01
1.377604126930236816e+00
9.465212821960449219e+00
-1.901584053039550781e+01
3.121986961364746094e+01
1.435846900939941406e+01
8.381963729858398438e+00
1.658460235595703125e+01
4.450153732299804688e+01
-1.864795875549316406e+01
-1.942437744140625000e+01
1.207342147827148438e+01
-2.121387004852294922e+00
-1.433050918579101562e+01
1.973739051818847656e+01
-1.857049942016601562e+01
-2.170981597900390625e+01
-9.173936843872070312e+00
9.495840072631835938e+00
3.601632308959960938e+01
9.598084449768066406e+00
3.217367172241210938e+01
-8.706270217895507812e+00
-6.644824504852294922e+00
2.195785713195800781e+01
2.600369834899902344e+01
-1.210799407958984375e+01
2.017718696594238281e+01
-1.379642677307128906e+01
-1.113558101654052734e+01
3.077727127075195312e+01
-1.841881275177001953e+00
-5.504875183105468750e-01
3.120882606506347656e+01
2.570240783691406250e+01
-6.885833740234375000e-01
1.457948303222656250e+01
5.639019966125488281e+00
2.193475723266601562e+00
3.376690292358398438e+01
1.930941009521484375e+01
-1.452519512176513672e+01
2.836838531494140625e+01
5.453320980072021484e+00
1.667158603668212891e+00
4.047447681427001953e+00
1.845464706420898438e+01
4.625343322753906250e+00
-2.574018239974975586e-01
1.027219772338867188e+01
-5.319161415100097656e+00
1.293182277679443359e+01
1.722451210021972656e+01
1.762356948852539062e+01
-4.074610137939453125e+01
-5.792782592773437500e+01
1.728410339355468750e+01
2.321912193298339844e+01
3.003235435485839844e+01
1.315155982971191406e+01
1.448577880859375000e+01
2.311224174499511719e+01
-2.869142341613769531e+01
8.948635101318359375e+00
2.547757148742675781e+01
1.257037925720214844e+01
-4.338906764984130859e+00
-2.374725341796875000e+01
8.837317466735839844e+00
-1.171710014343261719e+01
1.356699657440185547e+01
4.928621768951416016e+00
-1.485660266876220703e+01
6.397972106933593750e+00
2.106392478942871094e+01
1.367942428588867188e+01
3.693126678466796875e+01
-1.095242118835449219e+01
4.796628952026367188e+01
4.038474082946777344e+00
1.740090560913085938e+01
-1.561342048645019531e+01
-7.623860359191894531e+00
-7.307869434356689453e+00
-8.259859085083007812e+00
-4.734251976013183594e+00
2.639568138122558594e+01
1.715458106994628906e+01
1.090341472625732422e+01
9.524654388427734375e+00
1.407724380493164062e+01
3.111469745635986328e-01
5.427814960479736328e+00
1.861650848388671875e+01
1.982871818542480469e+01
-2.159875106811523438e+01
-9.785150527954101562e+00
-9.446137428283691406e+00
1.136729621887207031e+01
-1.802273750305175781e+01
-4.523152112960815430e-01
1.032301521301269531e+01
2.057966041564941406e+01
1.869977188110351562e+01
2.789030838012695312e+01
-2.395563125610351562e+01
1.709444808959960938e+01
1.736524105072021484e+00
-2.410291099548339844e+01
-1.688655662536621094e+01
-2.051698207855224609e+00
-2.202094459533691406e+01
3.215029144287109375e+01
-1.117568683624267578e+01
3.221975326538085938e+01
5.771477699279785156e+00
-1.632544898986816406e+01
3.713318252563476562e+01
-8.358424186706542969e+00
-6.149915695190429688e+00
3.309167480468750000e+01
2.103886222839355469e+01
-1.033101844787597656e+01
-3.361352920532226562e+00
3.084480667114257812e+01
1.876577377319335938e+01
-1.244052886962890625e+01
-2.066969680786132812e+01
5.774099349975585938e+00
1.717617607116699219e+01
-1.703373718261718750e+01
6.645258426666259766e+00
1.440616607666015625e+01
-8.060781478881835938e+00
5.811182975769042969e+00
2.284607315063476562e+01
1.133585929870605469e+01
6.888052463531494141e+00
2.616325950622558594e+01
-4.796990156173706055e-01
3.228267288208007812e+01
-6.057982921600341797e+00
5.660661697387695312e+00
-3.014323043823242188e+01
4.342212677001953125e+01
-5.663226604461669922e+00
1.238053703308105469e+01
-7.711807250976562500e+00
3.161491155624389648e+00
-3.339338779449462891e+00
2.467644119262695312e+01
2.260937500000000000e+01
6.610961914062500000e+01
-2.048538208007812500e+01
8.833215713500976562e+00
1.879222869873046875e+01
-9.515882730484008789e-01
1.976883888244628906e+01
2.608343505859375000e+01
1.704651260375976562e+01
1.219476127624511719e+01
2.193309020996093750e+01
2.513324165344238281e+01
3.872633361816406250e+01
1.146634578704833984e+00
-3.722393035888671875e+00
-8.244241714477539062e+00
-2.528427124023437500e+01
3.499155426025390625e+01
5.254534530639648438e+01
2.377891540527343750e+01
3.517028045654296875e+01
3.619772338867187500e+01
5.180618286132812500e+01
1.969930267333984375e+01
5.940479278564453125e+00
4.669809341430664062e+00
5.401070117950439453e-01
1.627512359619140625e+01
-4.343072414398193359e+00
1.620337295532226562e+01
4.196311950683593750e+01
-1.627363014221191406e+01
-1.518223285675048828e+00
-7.537328720092773438e+00
2.529012203216552734e+00
4.916918754577636719e+00
2.198828887939453125e+01
-1.736202812194824219e+01
2.051311492919921875e+01
1.806604576110839844e+01
-1.614767456054687500e+01
-1.896444320678710938e+01
-3.237101554870605469e+00
-1.448423576354980469e+01
-1.197544288635253906e+01
-3.511907577514648438e+00
2.145866203308105469e+01
-2.474821472167968750e+01
3.329935073852539062e+00
1.756151199340820312e+01
1.007295036315917969e+01
1.590681552886962891e+01
5.689845085144042969e-01
2.539304924011230469e+01
2.411308479309082031e+01
3.467314147949218750e+01
1.136439037322998047e+01
5.547990798950195312e-01
-1.138380908966064453e+01
2.675621747970581055e+00
6.286917328834533691e-01
4.849792003631591797e+00
-7.216024398803710938e-02
1.502455902099609375e+01
5.284373760223388672e+00
-1.515124607086181641e+01
-1.358017921447753906e+01
1.810854148864746094e+01
1.666395187377929688e+01
3.629931640625000000e+01
1.190359497070312500e+01
-1.038430571556091309e+00
1.343435668945312500e+01
-4.126206398010253906e+00
1.056389808654785156e+01
1.624663543701171875e+01
-3.686656475067138672e+00
1.048630237579345703e+00
-6.336213588714599609e+00
-2.231867790222167969e+00
-1.223105049133300781e+01
1.719448852539062500e+01
5.479432582855224609e+00
9.461639404296875000e+00
1.452948188781738281e+01
-7.307370662689208984e+00
-1.058507728576660156e+01
-1.437149047851562500e+01
3.417188644409179688e+01
1.009778594970703125e+01
-2.689634323120117188e+00
-1.476961135864257812e+01
-2.156032752990722656e+01
-1.280676174163818359e+01
-1.641671371459960938e+01
-2.332423591613769531e+01
-2.603248786926269531e+01
-1.294118499755859375e+01
-3.307912826538085938e+01
6.228204727172851562e+00
5.481192588806152344e+00
